% -------------------------------------------------------------------
%  Generated by MATLAB on 12-Mar-2021 14:01:24
%  MATLAB version: 9.0.0.341360 (R2016a)
% -------------------------------------------------------------------
                                     

A = ...
  [1 2 3;
   1 5 0;
   0.5 1.5 4];

B = [6; 6; 6];

C = [1.0000000000000009; 1; 0.99999999999999989];

a = 1;

b = 1;

c = 1;

d = complex(0,1.7320508075688772);

x = 1.6;

x1 = -0.5 + 0.8660254037844386i;

x2 = -0.5 - 0.8660254037844386i;

